Column 1: All Shots 
Column 2: Goals 
184
91 13          
67 10          
63 6          
54 8          
53 11          
49 5          
44 4          
42 9          
42 4          
41 6          
41 3          
40 0          
39 6          
39 1          
39 1          
38 6          
38 4          
37 7          
35 4          
33 1          
30 4          
29 5          
29 1          
29 1          
28 5          
28 3          
28 2          
28 0          
28 0          
27 6          
26 1          
25 7          
25 6          
25 1          
24 5          
24 3          
23 1          
22 3          
21 3          
21 3          
21 1          
21 1          
20 3          
20 2          
19 4          
19 3          
19 1          
18 5          
18 2          
18 2          
18 0          
17 3          
17 1          
17 1          
17 0          
17 0          
17 0          
16 1          
16 0          
15 3          
15 2          
15 1          
15 0          
14 0          
14 0          
14 0          
14 0          
14 0          
13 4          
13 1          
12 3          
12 2          
12 1          
12 1          
12 1          
11 2          
11 1          
11 0          
10 2          
10 2          
10 1          
10 1          
10 1          
10 1          
10 0          
10 0          
10 0          
10 0          
9 3          
9 2          
9 0          
9 0          
8 2          
8 1          
8 0          
8 0          
7 1          
7 1          
7 1          
7 0          
7 0          
7 0          
7 0          
7 0          
6 1          
6 1          
6 1          
6 0          
6 0          
6 0          
6 0          
6 0          
6 0          
6 0          
6 0          
6 0          
6 0          
6 0          
5 1          
5 1          
5 1          
5 0          
5 0          
5 0          
5 0          
4 1          
4 0          
4 0          
4 0          
4 0          
4 0          
4 0          
4 0          
4 0          
4 0          
3 1          
3 0          
3 0          
3 0          
3 0          
3 0          
3 0          
3 0          
3 0          
3 0          
2 1          
2 1          
2 1          
2 0          
2 0          
2 0          
2 0          
2 0          
2 0          
2 0          
2 0          
2 0          
2 0          
2 0          
2 0          
2 0          
2 0          
2 0          
1 1          
1 1          
1 1          
1 0          
1 0          
1 0          
1 0          
1 0          
1 0          
1 0          
1 0          
1 0          
1 0          
1 0          
1 0          
1 0          
1 0          
1 0          
1 0          
1 0          
1 0          
